2 0.692969 0.756250 0.017188 0.121875
2 0.085938 0.706250 0.028125 0.165625
2 0.235156 0.215625 0.010938 0.081250
2 0.207031 0.360938 0.007812 0.031250
2 0.218750 0.698438 0.009375 0.187500
2 0.233594 0.499219 0.010938 0.073438
2 0.246875 0.590625 0.009375 0.059375
2 0.262500 0.339063 0.037500 0.275000
2 0.691406 0.184375 0.020313 0.096875
2 0.086719 0.185938 0.023438 0.090625
2 0.339063 0.441406 0.018750 0.376563
2 0.693750 0.625781 0.009375 0.114063
2 0.675781 0.753906 0.014063 0.132812
