2 0.117969 0.457813 0.020313 0.221875
2 0.140625 0.584375 0.012500 0.253125
2 0.166406 0.689844 0.032813 0.104688
2 0.193750 0.529687 0.012500 0.193750
2 0.217969 0.473438 0.026563 0.178125
2 0.233594 0.745313 0.029688 0.050000
2 0.092969 0.169531 0.023438 0.057813
2 0.603125 0.310156 0.015625 0.092188
2 0.643750 0.257812 0.028125 0.140625
2 0.618750 0.610156 0.028125 0.154688
2 0.671875 0.206250 0.015625 0.115625
2 0.450000 0.771094 0.031250 0.042188
2 0.678125 0.658594 0.009375 0.095313
