2 0.122656 0.225781 0.020313 0.135938
2 0.110938 0.356250 0.009375 0.153125
2 0.105469 0.468750 0.017188 0.043750
2 0.164844 0.260937 0.017188 0.125000
2 0.160938 0.420313 0.006250 0.075000
2 0.180469 0.482031 0.014063 0.079688
2 0.167969 0.646875 0.010938 0.125000
2 0.183594 0.620313 0.017188 0.053125
2 0.275000 0.417188 0.012500 0.100000
2 0.093750 0.238281 0.006250 0.167188
2 0.079688 0.332813 0.012500 0.306250
2 0.078906 0.636719 0.010938 0.189063
2 0.130469 0.660156 0.010938 0.067187
2 0.288281 0.278906 0.007812 0.051563
2 0.340625 0.331250 0.006250 0.056250
2 0.221875 0.483594 0.009375 0.045313
2 0.182813 0.292969 0.009375 0.057813
2 0.436719 0.271094 0.007812 0.085938
2 0.420313 0.213281 0.006250 0.054688
2 0.340625 0.185156 0.006250 0.067187
2 0.485938 0.300000 0.015625 0.059375
2 0.485938 0.378125 0.018750 0.100000
2 0.448438 0.171875 0.009375 0.053125
2 0.493750 0.220313 0.006250 0.078125
2 0.419531 0.610938 0.042188 0.034375
2 0.471875 0.610156 0.028125 0.035938
2 0.598438 0.298438 0.031250 0.168750
2 0.593750 0.540625 0.012500 0.096875
2 0.533594 0.339844 0.023438 0.095313
2 0.603125 0.668750 0.018750 0.106250
2 0.560156 0.757812 0.020313 0.071875
2 0.608594 0.558594 0.007812 0.079688
2 0.653906 0.422656 0.026563 0.082813
2 0.640625 0.167188 0.006250 0.065625
2 0.643750 0.266406 0.015625 0.110938
2 0.664062 0.335938 0.012500 0.068750
2 0.657031 0.592969 0.039062 0.073438
2 0.657031 0.675000 0.017188 0.062500
2 0.453125 0.451563 0.012500 0.106250
2 0.435156 0.390625 0.007812 0.062500
2 0.683594 0.210156 0.020313 0.057813
2 0.690625 0.334375 0.009375 0.150000
2 0.686719 0.646094 0.017188 0.170313
