2 0.125000 0.439063 0.006250 0.090625
2 0.209375 0.365625 0.009375 0.343750
2 0.334375 0.347656 0.009375 0.023438
2 0.312500 0.485938 0.012500 0.075000
2 0.331250 0.460938 0.025000 0.162500
0 0.169531 0.941406 0.079688 0.039062
0 0.271875 0.937500 0.056250 0.040625
2 0.043750 0.889844 0.084375 0.142187
2 0.990625 0.886719 0.018750 0.060938
2 0.900781 0.853906 0.023438 0.017188
2 0.900781 0.803125 0.032813 0.021875
2 0.547656 0.881250 0.014063 0.040625
2 0.590625 0.864063 0.034375 0.021875
2 0.689063 0.857031 0.037500 0.014063
2 0.571094 0.842969 0.035938 0.023438
2 0.592187 0.811719 0.021875 0.039062
2 0.597656 0.894531 0.017188 0.017188
2 0.673438 0.881250 0.012500 0.025000
2 0.506250 0.669531 0.031250 0.045313
2 0.531250 0.881250 0.012500 0.025000
2 0.956250 0.428125 0.018750 0.156250
2 0.990625 0.665625 0.018750 0.021875
2 0.743750 0.448438 0.021875 0.093750
2 0.844531 0.518750 0.035938 0.206250
0 0.025000 0.458594 0.021875 0.042188
