2 0.310156 0.526563 0.170313 0.428125
0 0.286719 0.456250 0.276562 0.600000
2 0.403906 0.635938 0.017188 0.156250
2 0.732813 0.269531 0.053125 0.045313
2 0.974219 0.500781 0.051563 0.998438
2 0.909375 0.849219 0.112500 0.239063
2 0.809375 0.125000 0.056250 0.246875
2 0.659375 0.089063 0.062500 0.175000
2 0.491406 0.237500 0.045313 0.471875
2 0.527344 0.046875 0.023438 0.090625
2 0.367969 0.143750 0.045313 0.284375
2 0.166406 0.260156 0.035938 0.510938
0 0.139063 0.935938 0.115625 0.128125
0 0.046094 0.333594 0.051563 0.095313
2 0.068750 0.079688 0.025000 0.156250
2 0.885938 0.597656 0.084375 0.226562
2 0.930469 0.419531 0.026563 0.057813
2 0.885156 0.256250 0.035938 0.034375
0 0.585938 0.823438 0.087500 0.096875
0 0.437500 0.864844 0.093750 0.182813
2 0.815625 0.482031 0.059375 0.454688
2 0.846875 0.871094 0.175000 0.257812
