2 0.920313 0.540625 0.015625 0.471875
2 0.696875 0.453125 0.021875 0.103125
2 0.606250 0.692188 0.121875 0.200000
2 0.419531 0.537500 0.129688 0.512500
2 0.301563 0.526563 0.009375 0.506250
2 0.313281 0.535938 0.010938 0.506250
2 0.328906 0.516406 0.014063 0.464063
2 0.343750 0.380469 0.009375 0.170313
2 0.345313 0.617969 0.015625 0.182813
2 0.617969 0.437500 0.023438 0.250000
2 0.514062 0.717188 0.053125 0.143750
2 0.544531 0.335156 0.014063 0.095313
2 0.576562 0.400000 0.009375 0.150000
2 0.554688 0.490625 0.009375 0.190625
2 0.791406 0.744531 0.010938 0.070312
2 0.844531 0.714844 0.020313 0.098438
2 0.866406 0.753125 0.007812 0.084375
