2 0.043750 0.313281 0.012500 0.264063
2 0.080469 0.184375 0.051563 0.062500
2 0.042188 0.631250 0.012500 0.112500
2 0.045313 0.775000 0.012500 0.081250
2 0.088281 0.778906 0.048438 0.089063
2 0.288281 0.736719 0.026563 0.135938
2 0.420313 0.739063 0.025000 0.128125
2 0.632812 0.562500 0.025000 0.406250
2 0.691406 0.689844 0.026563 0.176563
2 0.662500 0.785938 0.034375 0.071875
2 0.660938 0.171094 0.028125 0.120313
2 0.691406 0.166406 0.017188 0.089063
2 0.573438 0.446094 0.012500 0.289062
2 0.314063 0.653906 0.015625 0.089063
