2 0.584375 0.634375 0.006250 0.156250
2 0.599219 0.603125 0.007812 0.237500
2 0.614063 0.578125 0.006250 0.334375
2 0.628125 0.651563 0.006250 0.178125
2 0.370313 0.528906 0.006250 0.385938
2 0.300781 0.267188 0.007812 0.190625
2 0.299219 0.660156 0.007812 0.207813
2 0.775000 0.679688 0.006250 0.175000
2 0.685938 0.618750 0.006250 0.209375
2 0.745313 0.629688 0.006250 0.162500
2 0.730469 0.649219 0.004688 0.110938
2 0.788281 0.678125 0.007812 0.153125
2 0.921094 0.501563 0.010938 0.550000
