2 0.709375 0.351562 0.075000 0.071875
2 0.485156 0.561719 0.079688 0.042188
2 0.399219 0.582031 0.035938 0.048438
2 0.569531 0.751563 0.060938 0.087500
2 0.458594 0.757812 0.076563 0.084375
2 0.272656 0.808594 0.057813 0.085938
2 0.352344 0.807813 0.085938 0.143750
2 0.119531 0.669531 0.057813 0.123438
2 0.191406 0.585938 0.029688 0.065625
2 0.259375 0.571094 0.050000 0.048438
2 0.297656 0.467188 0.039062 0.068750
2 0.684375 0.936719 0.040625 0.057813
2 0.891406 0.645313 0.110938 0.615625
2 0.028906 0.876563 0.035938 0.056250
2 0.533594 0.264063 0.045313 0.068750
