2 0.440625 0.662500 0.021875 0.087500
2 0.411719 0.720313 0.010938 0.043750
2 0.305469 0.639844 0.010938 0.142187
2 0.292969 0.651563 0.014063 0.062500
2 0.376563 0.546094 0.009375 0.060938
2 0.367969 0.749219 0.010938 0.039062
2 0.356250 0.730469 0.006250 0.048438
2 0.395313 0.673438 0.021875 0.040625
2 0.459375 0.486719 0.021875 0.098438
2 0.444531 0.264844 0.014063 0.114063
2 0.501563 0.157813 0.043750 0.312500
2 0.492188 0.797656 0.037500 0.326563
2 0.510156 0.472656 0.017188 0.254688
2 0.581250 0.101562 0.025000 0.118750
