2 0.424219 0.789062 0.029688 0.065625
2 0.078906 0.511719 0.020313 0.398438
2 0.080469 0.246875 0.020313 0.106250
2 0.127344 0.228125 0.042188 0.075000
2 0.060938 0.450000 0.009375 0.150000
2 0.216406 0.596875 0.029688 0.206250
2 0.257031 0.241406 0.023438 0.082813
2 0.317969 0.407813 0.029688 0.475000
2 0.457813 0.281250 0.025000 0.171875
2 0.417969 0.405469 0.032813 0.492188
2 0.367969 0.783594 0.023438 0.064063
2 0.505469 0.718750 0.017188 0.128125
2 0.543750 0.226562 0.050000 0.128125
2 0.689844 0.325000 0.020313 0.225000
2 0.689063 0.620313 0.021875 0.240625
2 0.644531 0.189844 0.026563 0.089063
2 0.530469 0.682031 0.020313 0.135938
2 0.660938 0.703125 0.031250 0.228125
