1 0.406250 0.664844 0.084375 0.107813
1 0.247656 0.669531 0.126562 0.173438
1 0.124219 0.589063 0.082813 0.115625
1 0.165625 0.362500 0.115625 0.268750
1 0.381250 0.271875 0.143750 0.156250
1 0.357813 0.134375 0.053125 0.062500
1 0.097656 0.091406 0.042188 0.064063
1 0.197656 0.029688 0.017188 0.021875
1 0.450000 0.060938 0.021875 0.031250
1 0.600781 0.120313 0.004688 0.006250
1 0.662500 0.151563 0.009375 0.006250
1 0.809375 0.202344 0.196875 0.179688
1 0.599219 0.354688 0.054688 0.096875
1 0.615625 0.450781 0.012500 0.017188
1 0.737500 0.503906 0.018750 0.023438
1 0.745313 0.524219 0.009375 0.010938
1 0.734375 0.544531 0.009375 0.014063
1 0.816406 0.560156 0.020313 0.026563
1 0.937500 0.612500 0.021875 0.018750
1 0.935156 0.387500 0.010938 0.012500
1 0.996094 0.388281 0.007812 0.017188
1 0.994531 0.311719 0.010938 0.020313
2 0.857813 0.042188 0.068750 0.081250
1 0.714063 0.240625 0.006250 0.009375
1 0.650781 0.238281 0.004688 0.004688
1 0.773438 0.778906 0.087500 0.079688
1 0.671875 0.756250 0.018750 0.021875
1 0.711719 0.907813 0.017188 0.025000
1 0.799219 0.887500 0.017188 0.075000
1 0.586719 0.771094 0.010938 0.023438
1 0.546875 0.773438 0.025000 0.043750
2 0.214063 0.281250 0.031250 0.062500
2 0.256250 0.292187 0.053125 0.090625
2 0.292969 0.258594 0.014063 0.014063
2 0.229688 0.567969 0.021875 0.060938
2 0.257812 0.607031 0.040625 0.026563
2 0.328125 0.553906 0.043750 0.035938
2 0.350000 0.597656 0.040625 0.032813
2 0.320312 0.588281 0.031250 0.023438
2 0.372656 0.790625 0.073438 0.062500
2 0.987500 0.601562 0.025000 0.084375
2 0.495313 0.151563 0.031250 0.290625
