2 0.670313 0.285156 0.025000 0.179688
2 0.676563 0.596094 0.015625 0.251563
2 0.641406 0.698438 0.051563 0.062500
2 0.364844 0.336719 0.032813 0.070312
2 0.364063 0.607813 0.028125 0.065625
2 0.425000 0.721094 0.028125 0.067187
2 0.496094 0.243750 0.020313 0.093750
2 0.419531 0.230469 0.023438 0.070312
2 0.290625 0.237500 0.025000 0.065625
2 0.310156 0.718750 0.032813 0.062500
2 0.245313 0.229688 0.018750 0.059375
2 0.173438 0.324219 0.031250 0.054688
2 0.239844 0.417969 0.051563 0.085938
2 0.064063 0.300000 0.021875 0.153125
2 0.054688 0.621094 0.015625 0.132812
2 0.485938 0.414844 0.056250 0.054688
2 0.263281 0.617969 0.057813 0.076563
2 0.503125 0.554688 0.040625 0.056250
2 0.455469 0.586719 0.042188 0.032813
2 0.167188 0.589063 0.037500 0.028125
