2 0.385938 0.268750 0.062500 0.065625
2 0.328125 0.637500 0.056250 0.290625
2 0.700781 0.481250 0.014063 0.100000
2 0.237500 0.317188 0.015625 0.065625
2 0.114844 0.617969 0.017188 0.282813
2 0.066406 0.160938 0.007812 0.068750
2 0.062500 0.332813 0.012500 0.115625
2 0.442969 0.646875 0.020313 0.193750
2 0.440625 0.235156 0.018750 0.145313
2 0.335938 0.165625 0.021875 0.112500
2 0.531250 0.210938 0.021875 0.153125
2 0.696875 0.138281 0.015625 0.067187
2 0.703906 0.664844 0.010938 0.073438
2 0.700781 0.757812 0.014063 0.071875
