2 0.481250 0.548438 0.346875 0.890625
2 0.559375 0.521875 0.350000 0.890625
2 0.636719 0.495313 0.342188 0.887500
2 0.511719 0.873438 0.123438 0.253125
2 0.449219 0.900000 0.107813 0.200000
2 0.303125 0.960156 0.084375 0.079688
2 0.838281 0.813281 0.104688 0.195312
0 0.032813 0.456250 0.062500 0.093750
0 0.089063 0.399219 0.075000 0.079688
0 0.172656 0.382031 0.076563 0.085938
2 0.270313 0.203125 0.087500 0.137500
2 0.328906 0.367969 0.067187 0.110938
2 0.219531 0.289844 0.123438 0.260937
