1 0.328906 0.732031 0.139063 0.139063
1 0.260937 0.980469 0.031250 0.039062
1 0.388281 0.433594 0.057813 0.107813
1 0.517969 0.560156 0.026563 0.045313
1 0.049219 0.823438 0.026563 0.018750
1 0.502344 0.952344 0.014063 0.026563
1 0.549219 0.910156 0.026563 0.042188
1 0.431250 0.613281 0.021875 0.035938
1 0.322656 0.456250 0.035938 0.053125
1 0.408594 0.530469 0.014063 0.082813
1 0.333594 0.203906 0.167188 0.110938
1 0.032813 0.386719 0.009375 0.014063
1 0.014844 0.378906 0.007812 0.017188
1 0.086719 0.452344 0.010938 0.017188
1 0.090625 0.142969 0.025000 0.017188
1 0.067969 0.203906 0.010938 0.014063
1 0.345313 0.546875 0.028125 0.028125
1 0.385938 0.550000 0.009375 0.018750
1 0.382031 0.565625 0.014063 0.012500
1 0.385938 0.524219 0.009375 0.017188
1 0.365625 0.517188 0.009375 0.012500
1 0.375000 0.503125 0.009375 0.012500
1 0.367969 0.505469 0.007812 0.010938
1 0.442969 0.916406 0.007812 0.010938
1 0.442969 0.169531 0.010938 0.023438
1 0.439844 0.194531 0.014063 0.014063
1 0.461719 0.414844 0.014063 0.017188
1 0.479688 0.467969 0.009375 0.014063
1 0.488281 0.491406 0.014063 0.026563
1 0.470313 0.453125 0.009375 0.009375
1 0.476562 0.444531 0.006250 0.004688
1 0.543750 0.487500 0.012500 0.034375
1 0.525781 0.328906 0.004688 0.004688
1 0.513281 0.322656 0.004688 0.007812
2 0.438281 0.185156 0.045313 0.160938
2 0.478906 0.300000 0.026563 0.043750
2 0.450781 0.427344 0.085938 0.220313
2 0.476562 0.878906 0.168750 0.242188
2 0.575000 0.389063 0.184375 0.687500
2 0.299219 0.681250 0.214063 0.637500
1 0.209375 0.450000 0.006250 0.021875
2 0.221875 0.168750 0.031250 0.103125
2 0.146094 0.222656 0.020313 0.045313
2 0.077344 0.646875 0.026563 0.062500
2 0.151563 0.928125 0.031250 0.143750
2 0.175781 0.803125 0.017188 0.059375
2 0.370313 0.591406 0.175000 0.379688
2 0.546875 0.746094 0.025000 0.035938
2 0.544531 0.787500 0.017188 0.037500
2 0.620313 0.479688 0.084375 0.428125
