2 0.291406 0.625781 0.004688 0.185938
2 0.293750 0.244531 0.006250 0.142187
2 0.392188 0.516406 0.012500 0.173438
2 0.407813 0.583594 0.006250 0.260937
2 0.436719 0.380469 0.007812 0.248438
2 0.450781 0.642969 0.007812 0.129688
2 0.476562 0.679688 0.015625 0.121875
2 0.578125 0.498438 0.012500 0.234375
2 0.560156 0.474219 0.017188 0.057813
2 0.534375 0.505469 0.012500 0.120313
2 0.632812 0.525781 0.006250 0.273438
2 0.684375 0.635938 0.006250 0.253125
2 0.814844 0.466406 0.007812 0.379688
2 0.802344 0.487500 0.007812 0.228125
2 0.771094 0.514062 0.023438 0.050000
2 0.791406 0.440625 0.014063 0.078125
2 0.734375 0.389844 0.018750 0.039062
2 0.722656 0.449219 0.014063 0.054688
2 0.754688 0.591406 0.012500 0.179688
2 0.924219 0.655469 0.010938 0.114063
2 0.921875 0.350781 0.009375 0.220313
2 0.603906 0.751563 0.007812 0.068750
