2 0.275781 0.600000 0.010938 0.193750
2 0.129688 0.565625 0.006250 0.250000
2 0.146094 0.603125 0.007812 0.178125
2 0.066406 0.564844 0.010938 0.214063
2 0.061719 0.246875 0.010938 0.234375
2 0.322656 0.541406 0.004688 0.139063
2 0.753125 0.581250 0.009375 0.131250
2 0.751563 0.219531 0.009375 0.285938
2 0.467188 0.621094 0.006250 0.082813
2 0.482813 0.611719 0.009375 0.073438
2 0.672656 0.550000 0.007812 0.187500
2 0.450781 0.623438 0.007812 0.081250
2 0.608594 0.353906 0.004688 0.420313
2 0.545312 0.578906 0.006250 0.110938
