0 0.365625 0.412500 0.275000 0.403125
0 0.167969 0.160156 0.160938 0.126562
2 0.110156 0.329688 0.048438 0.125000
2 0.387500 0.466406 0.075000 0.260937
2 0.487500 0.290625 0.046875 0.340625
2 0.352344 0.746094 0.089063 0.135938
2 0.034375 0.727344 0.062500 0.079688
2 0.628906 0.721094 0.101562 0.082813
2 0.567188 0.814844 0.121875 0.054688
2 0.773438 0.822656 0.103125 0.045313
2 0.847656 0.557031 0.039062 0.048438
2 0.121875 0.173438 0.040625 0.081250
2 0.220313 0.162500 0.043750 0.059375
