2 0.376563 0.488281 0.096875 0.167188
2 0.195312 0.710938 0.075000 0.150000
2 0.302344 0.712500 0.042188 0.118750
2 0.427344 0.683594 0.042188 0.160938
2 0.084375 0.681250 0.093750 0.056250
2 0.080469 0.592969 0.157813 0.039062
2 0.288281 0.775781 0.095313 0.067187
2 0.732813 0.533594 0.075000 0.060938
2 0.740625 0.339063 0.053125 0.146875
2 0.827344 0.641406 0.045313 0.232813
2 0.824219 0.324219 0.051563 0.195312
2 0.688281 0.708594 0.067187 0.126562
2 0.619531 0.757812 0.042188 0.081250
