2 0.535938 0.464063 0.925000 0.128125
2 0.539844 0.545312 0.920313 0.131250
2 0.544531 0.627344 0.910938 0.123438
2 0.854688 0.357813 0.275000 0.059375
2 0.862500 0.283594 0.243750 0.051563
2 0.876563 0.117969 0.156250 0.048438
2 0.912500 0.682031 0.175000 0.060938
0 0.268750 0.089063 0.087500 0.053125
0 0.239844 0.167188 0.070312 0.062500
0 0.258594 0.250000 0.076563 0.062500
2 0.134375 0.412500 0.131250 0.059375
2 0.309375 0.398438 0.109375 0.043750
2 0.193750 0.330469 0.265625 0.064063
