2 0.436719 0.603906 0.182813 0.367188
2 0.061719 0.808594 0.120313 0.045313
2 0.550000 0.828125 0.043750 0.090625
2 0.682813 0.863281 0.115625 0.089063
2 0.678906 0.442969 0.045313 0.017188
0 0.803125 0.586719 0.040625 0.151563
2 0.666406 0.507031 0.079688 0.048438
2 0.811719 0.859375 0.057813 0.081250
2 0.867188 0.810938 0.025000 0.165625
2 0.658594 0.793750 0.067187 0.065625
2 0.700781 0.945312 0.145313 0.093750
2 0.706250 0.396094 0.178125 0.173438
2 0.640625 0.378125 0.021875 0.012500
2 0.666406 0.222656 0.035938 0.023438
2 0.631250 0.121094 0.021875 0.026563
2 0.666406 0.097656 0.017188 0.020313
2 0.625000 0.087500 0.012500 0.021875
