2 0.435938 0.770313 0.062500 0.059375
1 0.431250 0.770313 0.018750 0.015625
2 0.361719 0.160156 0.160938 0.067187
2 0.835938 0.277344 0.087500 0.089063
2 0.620313 0.138281 0.031250 0.039062
2 0.679688 0.427344 0.056250 0.060938
2 0.716406 0.542188 0.060938 0.381250
2 0.538281 0.620313 0.032813 0.046875
2 0.459375 0.453906 0.053125 0.142187
2 0.507812 0.448438 0.031250 0.065625
2 0.385156 0.564063 0.154688 0.053125
2 0.372656 0.627344 0.148438 0.035938
2 0.333594 0.720313 0.064063 0.040625
