2 0.554688 0.418750 0.034375 0.231250
2 0.564063 0.671875 0.046875 0.221875
2 0.389844 0.645313 0.048438 0.093750
2 0.515625 0.742188 0.040625 0.093750
2 0.159375 0.746094 0.034375 0.085938
2 0.272656 0.731250 0.026563 0.059375
2 0.035938 0.736719 0.034375 0.057813
2 0.439063 0.439063 0.034375 0.075000
2 0.506250 0.578125 0.050000 0.140625
2 0.455469 0.648438 0.039062 0.084375
2 0.610156 0.388281 0.035938 0.173438
2 0.615625 0.687500 0.040625 0.243750
2 0.217969 0.739063 0.035938 0.093750
