2 0.687500 0.395313 0.087500 0.028125
2 0.062500 0.563281 0.009375 0.217188
2 0.195312 0.571875 0.009375 0.178125
2 0.060156 0.247656 0.014063 0.217188
2 0.161719 0.498438 0.007812 0.187500
2 0.180469 0.524219 0.007812 0.148438
2 0.212500 0.577344 0.006250 0.173438
2 0.228125 0.511719 0.006250 0.242188
2 0.246094 0.510156 0.007812 0.167188
2 0.261719 0.534375 0.007812 0.184375
2 0.277344 0.480469 0.007812 0.217188
2 0.304688 0.651563 0.043750 0.050000
2 0.757031 0.375781 0.010938 0.554688
2 0.742188 0.250000 0.009375 0.296875
2 0.472656 0.568750 0.007812 0.153125
2 0.412500 0.632812 0.025000 0.071875
2 0.578125 0.552344 0.021875 0.057813
2 0.407813 0.173438 0.009375 0.131250
2 0.663281 0.539844 0.004688 0.142187
2 0.360938 0.596875 0.012500 0.087500
2 0.528906 0.607813 0.039062 0.040625
2 0.490625 0.639844 0.018750 0.060938
2 0.457813 0.636719 0.012500 0.082813
