2 0.324219 0.388281 0.048438 0.017188
2 0.287500 0.433594 0.028125 0.026563
2 0.356250 0.575781 0.021875 0.026563
2 0.551563 0.488281 0.093750 0.432813
2 0.489844 0.653906 0.023438 0.054688
2 0.325781 0.608594 0.039062 0.051563
2 0.294531 0.606250 0.026563 0.031250
2 0.265625 0.600000 0.034375 0.040625
2 0.236719 0.460938 0.026563 0.168750
2 0.200781 0.506250 0.048438 0.206250
2 0.153906 0.525000 0.045313 0.156250
2 0.834375 0.537500 0.056250 0.087500
2 0.907031 0.525000 0.014063 0.040625
2 0.888281 0.376563 0.026563 0.025000
2 0.635156 0.628906 0.054688 0.104688
2 0.707031 0.657813 0.042188 0.025000
2 0.758594 0.620313 0.057813 0.093750
0 0.205469 0.496875 0.117188 0.234375
