2 0.292187 0.525781 0.012500 0.373438
2 0.303906 0.418750 0.010938 0.115625
2 0.323438 0.492969 0.012500 0.132812
2 0.316406 0.670313 0.023438 0.128125
2 0.060938 0.290625 0.009375 0.081250
2 0.067969 0.695312 0.010938 0.053125
2 0.312500 0.203125 0.028125 0.040625
2 0.371875 0.246094 0.037500 0.120313
2 0.378125 0.683594 0.034375 0.104688
2 0.087500 0.203906 0.018750 0.026563
2 0.110938 0.203125 0.015625 0.025000
2 0.607813 0.195312 0.028125 0.043750
2 0.686719 0.269531 0.007812 0.139063
