2 0.331250 0.254688 0.059375 0.121875
2 0.324219 0.421875 0.029688 0.140625
2 0.334375 0.649219 0.053125 0.220313
2 0.224219 0.332031 0.023438 0.160938
2 0.184375 0.353125 0.025000 0.109375
2 0.194531 0.600781 0.029688 0.076563
2 0.386719 0.524219 0.014063 0.154688
2 0.380469 0.341406 0.014063 0.064063
2 0.435938 0.210938 0.040625 0.043750
2 0.425781 0.360156 0.035938 0.129688
2 0.494531 0.307031 0.054688 0.235938
2 0.496094 0.635938 0.051563 0.243750
2 0.062500 0.246094 0.018750 0.095313
2 0.067969 0.734375 0.014063 0.053125
2 0.673438 0.703906 0.018750 0.110938
2 0.678906 0.208594 0.014063 0.064063
2 0.376563 0.733594 0.009375 0.042188
